%%%%%%%%%%%%%%%%%%%%%%%%%%%%%%%%%%%%%%%%%%%%%%%%%%%%%%%%%%%%%%%%%%%%%%
% TABLE_NIRFAST.m 
%   molar absorption coefficients imported from NIRFAST
%
%   author: jingjing Jiang  cronajiang@gmail.com
%   created: 01.02.2016
%   modified: 07.03.2016
%%%%%%%%%%%%%%%%%%%%%%%%%%%%%%%%%%%%%%%%%%%%%%%%%%%%%%%%%%%%%%%%%%%%%%
table_coeff =   ...
   [84.7504e-003   863.6530e-003   320.0000e-006   471.0000e-006 % oxy, deoxy, water, lipid
    83.4607e-003   851.2760e-003   323.5000e-006   472.0000e-006
    82.1710e-003   838.9000e-003   327.0000e-006   467.0000e-006
    80.8814e-003   826.5240e-003   331.0000e-006   464.0000e-006
    79.5917e-003   814.1470e-003   335.0000e-006   457.0000e-006
    78.3941e-003   801.7710e-003   339.0000e-006   448.0000e-006
    77.1966e-003   789.3950e-003   343.0000e-006   438.0000e-006
    76.0911e-003   777.0180e-003   347.5000e-006   428.0000e-006
    74.9857e-003   764.6420e-003   352.0000e-006   424.0000e-006
    74.2948e-003   753.8590e-003   356.5000e-006   422.0000e-006
    73.6039e-003   743.0770e-003   361.0000e-006   418.0000e-006
    72.9590e-003   733.1420e-003   365.0000e-006   414.0000e-006
    72.3142e-003   723.2060e-003   369.0000e-006   413.0000e-006
    71.6694e-003   713.2670e-003   373.5000e-006   414.0000e-006
    71.0245e-003   703.3270e-003   378.0000e-006   419.0000e-006
    70.3797e-003   693.3920e-003   382.0000e-006   428.0000e-006
    69.7348e-003   683.4570e-003   386.0000e-006   439.0000e-006
    69.1821e-003   673.5220e-003   390.0000e-006   447.0000e-006
    68.6294e-003   663.5860e-003   394.0000e-006   452.0000e-006
    68.1688e-003   653.6510e-003   397.5000e-006   453.0000e-006
    67.7082e-003   643.7160e-003   401.0000e-006   450.0000e-006
    67.2476e-003   633.7810e-003   404.5000e-006   452.0000e-006
    66.7870e-003   623.8460e-003   408.0000e-006   457.0000e-006
    66.2803e-003   614.4960e-003   410.5000e-006   462.0000e-006
    65.7737e-003   605.1450e-003   413.0000e-006   463.0000e-006
    65.3591e-003   596.7120e-003   415.0000e-006   457.0000e-006
    64.9446e-003   588.2780e-003   417.0000e-006   446.0000e-006
    64.6222e-003   579.8450e-003   418.5000e-006   433.0000e-006
    64.2998e-003   571.4110e-003   420.0000e-006   422.0000e-006
    64.1155e-003   562.9780e-003   421.5000e-006   413.0000e-006
    63.9313e-003   554.5440e-003   423.0000e-006   406.0000e-006
    63.7470e-003   546.1100e-003   424.5000e-006   398.0000e-006
    63.5628e-003   537.6770e-003   426.0000e-006   387.0000e-006
    63.3786e-003   529.2480e-003   428.5000e-006   375.0000e-006
    63.1943e-003   520.8190e-003   431.0000e-006   370.0000e-006
    63.0101e-003   512.3850e-003   434.5000e-006   369.0000e-006
    62.8258e-003   503.9520e-003   438.0000e-006   366.0000e-006
    63.0101e-003   495.5180e-003   442.5000e-006   361.0000e-006
    63.1943e-003   487.0840e-003   447.0000e-006   354.0000e-006
    63.3786e-003   479.8250e-003   453.5000e-006   348.0000e-006
    63.5628e-003   472.5660e-003   460.0000e-006   342.0000e-006
    63.7470e-003   466.6380e-003   468.5000e-006   338.0000e-006
    63.9313e-003   460.7110e-003   477.0000e-006   335.0000e-006
    64.1155e-003   454.7870e-003   488.0000e-006   331.0000e-006
    64.2998e-003   448.8640e-003   499.0000e-006   328.0000e-006
    64.6222e-003   442.9360e-003   512.5000e-006   324.0000e-006
    64.9446e-003   437.0080e-003   526.0000e-006   321.0000e-006
    65.4052e-003   431.0800e-003   542.5000e-006   324.0000e-006
    65.8658e-003   425.1520e-003   559.0000e-006   327.0000e-006
    66.3264e-003   419.1870e-003   579.5000e-006   325.0000e-006
    66.7870e-003   413.2230e-003   600.0000e-006   323.0000e-006
    67.2476e-003   407.0870e-003   624.0000e-006   320.0000e-006
    67.7082e-003   400.9520e-003   648.0000e-006   319.0000e-006
    68.1688e-003   394.8220e-003   675.5000e-006   322.0000e-006
    68.6294e-003   388.6910e-003   703.0000e-006   326.0000e-006
    69.1821e-003   382.5560e-003   734.5000e-006   323.0000e-006
    69.7348e-003   376.4210e-003   766.0000e-006   318.0000e-006
    70.3797e-003   370.5530e-003   800.0000e-006   313.0000e-006
    71.0245e-003   364.6850e-003   834.0000e-006   310.0000e-006
    71.6694e-003   359.7290e-003   871.0000e-006   311.0000e-006
    72.3142e-003   354.7730e-003   908.0000e-006   315.0000e-006
    72.9590e-003   349.8120e-003   947.5000e-006   320.0000e-006
    73.6039e-003   344.8510e-003   987.0000e-006   321.0000e-006
    74.2487e-003   339.8950e-003     1.0285e-003   320.0000e-006
    74.8936e-003   334.9390e-003     1.0700e-003   321.0000e-006
    75.6766e-003   329.9830e-003     1.1140e-003   326.0000e-006
    76.4596e-003   325.0270e-003     1.1580e-003   334.0000e-006
    77.3808e-003   320.0710e-003     1.2035e-003   343.0000e-006
    78.3020e-003   315.1150e-003     1.2490e-003   351.0000e-006
    79.2232e-003   310.2330e-003     1.2965e-003   358.0000e-006
    80.1444e-003   305.3500e-003     1.3440e-003   367.0000e-006
    81.0656e-003   300.6610e-003     1.3925e-003   376.0000e-006
    81.9868e-003   295.9720e-003     1.4410e-003   383.0000e-006
    82.9080e-003   291.2830e-003     1.4905e-003   390.0000e-006
    83.8292e-003   286.5950e-003     1.5400e-003   401.0000e-006
    84.7965e-003   281.9010e-003     1.5900e-003   415.0000e-006
    85.7637e-003   277.2080e-003     1.6400e-003   430.0000e-006
    86.7770e-003   271.3490e-003     1.6910e-003   447.0000e-006
    87.7904e-003   265.4900e-003     1.7420e-003   463.0000e-006
    88.8037e-003   259.6630e-003     1.7925e-003   480.0000e-006
    89.8170e-003   253.8370e-003     1.8430e-003   499.0000e-006
    90.8303e-003   253.8370e-003     1.8925e-003   516.0000e-006
    91.8436e-003   253.8370e-003     1.9420e-003   535.0000e-006
    92.8570e-003   253.8370e-003     1.9905e-003   552.0000e-006
    93.8703e-003   253.8370e-003     2.0390e-003   564.0000e-006
    95.1600e-003   253.7860e-003     2.0860e-003   576.0000e-006
    96.4496e-003   253.7350e-003     2.1330e-003   589.0000e-006
    98.0157e-003   253.5880e-003     2.1775e-003   600.0000e-006
    99.5817e-003   253.4410e-003     2.2220e-003   616.0000e-006
   101.1480e-003   255.2140e-003     2.2635e-003   636.0000e-006
   102.7140e-003   256.9870e-003     2.3050e-003   654.0000e-006
   104.2800e-003   262.2560e-003     2.3435e-003   680.0000e-006
   105.8460e-003   267.5260e-003     2.3820e-003   707.0000e-006
   107.4120e-003   272.7950e-003     2.4165e-003   735.0000e-006
   108.9780e-003   278.0640e-003     2.4510e-003   768.0000e-006
   110.6360e-003   284.8170e-003     2.4810e-003   801.0000e-006
   112.2940e-003   291.5690e-003     2.5110e-003   837.0000e-006
   114.0450e-003   299.3070e-003     2.5360e-003   874.0000e-006
   115.7950e-003   307.0450e-003     2.5610e-003   908.0000e-006
   117.5450e-003   315.3360e-003     2.5805e-003   941.0000e-006
   119.2950e-003   323.6270e-003     2.6000e-003   972.0000e-006
   121.0460e-003   336.3020e-003     2.6140e-003     1.0010e-003
   122.7960e-003   348.9780e-003     2.6280e-003     1.0300e-003
   124.5460e-003   352.0230e-003     2.6360e-003     1.0590e-003
   126.2970e-003   355.0670e-003     2.6440e-003     1.0890e-003
   127.8630e-003   357.2230e-003     2.6470e-003     1.1200e-003
   129.4290e-003   359.3790e-003     2.6500e-003     1.1550e-003
   130.8100e-003   359.3790e-003     2.6490e-003     1.1900e-003
   132.1920e-003   359.3790e-003     2.6480e-003     1.2270e-003
   133.5740e-003   358.0010e-003     2.6425e-003     1.2580e-003
   134.9560e-003   356.6240e-003     2.6370e-003     1.2780e-003
   136.3380e-003   352.0090e-003     2.6280e-003     1.2890e-003
   137.7190e-003   347.3940e-003     2.6190e-003     1.2900e-003
   139.1010e-003   341.7650e-003     2.6075e-003     1.2730e-003
   140.4830e-003   336.1370e-003     2.5960e-003     1.2490e-003
   141.9570e-003   330.4900e-003     2.5815e-003     1.2060e-003
   143.4310e-003   324.8430e-003     2.5670e-003     1.1530e-003
